ad,budget,CTR,
6082903610237,2.672570608,[0.01380246],2.69735934031487E-05
6082903612037,2.6328698643,[0.01366974],2.65729036268581E-05
6082903614437,2.9106108978,[0.01055138],2.93760751084491E-05
6082903615637,2.2768526647,[0.00915376],2.29797101832382E-05
6082903618837,2.7008253109,[0.0120045],2.72587611240977E-05
6082903621237,2.1477767279,[0.01305582],0.000021677
6088935250037,5.5429441652,[0.00954315],5.59435629961398E-05
6088935251437,3.1581687338,[0.01148369],3.18746150500926E-05
6088935252837,3.0456507696,[0.01014461],0.000030739
6089948390437,923.3975018607,[0.01272016],0.0093196223
6089948393437,4.7304973654,[0.01208071],4.77437386121813E-05
6093223857637,2.2900480483,[0.00912288],2.31128879227739E-05
6093223982237,2.103078895,[0.00821297],2.12258545535958E-05
6093224252437,2.2023689798,[0.00723855],0.000022228
6093225129837,1.4146299396,[0.00480336],1.42775097104376E-05
6093225348037,2.7970516585,[0.00806416],2.82299498237138E-05
6093225829037,3.4636450576,[0.01201147],3.49577119488496E-05
6093225992037,3.2300869639,[0.01525289],3.26004679388943E-05
6093225992237,2.8165475107,[0.0070006],2.84267166329031E-05
6093225992437,1.8574806223,[0.00799231],1.87470919979925E-05
6093225992637,922.1304098701,[0.01037054],0.0093068339
6093425908037,1.283124895,[0.00413482],1.29502618567145E-05
6093539314437,922.0600714348,[0.01583653],0.009306124
6093539315037,2.2057645079,[0.01027517],2.22622350190284E-05
6093539315237,4.3060824117,[0.01879949],4.34602235714875E-05
6093539315637,3.4683800788,[0.01041511],3.50055013457893E-05
6094650889237,3.1611588781,[0.00990505],3.19047938360128E-05
6094650898437,2.0745827727,[0.0069757],2.09382502467537E-05
6094650899037,3.2086375186,[0.00740767],0.000032384
6094650899437,2.2698656499,[0.01077318],2.29091919735824E-05
6094650899637,3.977371479,[0.01437082],4.01426255185443E-05
6095173565837,920.994050602,[0.00762384],0.0092953649
6095175056437,2.7161864396,[0.00840748],2.74137971925536E-05
6095175488237,1.9693208288,[0.0114551],1.98758675107943E-05
6095649371037,2.601537205,[0.00648381],2.62566708549503E-05
6095649684237,1.6301367298,[0.00915206],1.64525663831008E-05
6095652130637,1.5791566232,[0.00450382],0.000015938
6095652240237,920.2377677614,[0.00425419],0.0092877319
6095652303237,920.475926469,[0.00357822],0.0092901356
6095652381237,920.0862691799,[0.00530035],0.0092862029
6095821149237,2.2902920937,[0.008791],2.31153510125189E-05
6095821157237,3.9192245562,[0.0187399],3.95557630238885E-05
6095821791237,920.7404234033,[0.00450382],0.0092928051
6095821791437,1.8967416584,[0.00395154],1.91433439144055E-05
6095907719437,1.84171973,[0.00584095],0.000018588
6095907846437,3.096021036,[0.01008517],3.1247373724249E-05
6095908288037,921.2670988082,[0.00579374],0.0092981207
6095909111037,1.1374490482,[0.00582411],0.00001148
6095974804837,2.1955958231,[0.0071281],2.21596050008826E-05
6095974805037,2.4972304522,[0.00541028],2.52039286264419E-05
6095974805237,2.6425675097,[0.00572482],2.6670779561505E-05
6095974805437,3.2969677619,[0.0121641],3.32754792733838E-05
6095974805837,1.6872692401,[0.01019044],1.70291906634132E-05
6095974806437,920.9668660135,[0.00460365],0.0092950905
6095974806637,4.175197547,[0.01734766],4.21392350398277E-05
6096181268837,921.1188870701,[0.00483072],0.0092966249
6096183109437,2.2830150037,[0.00653072],2.30419051448004E-05
6096203161837,921.9049891118,[0.00684703],0.0093045588
6096203210637,921.1607637461,[0.0076858],0.0092970475
6096203254637,922.1558304482,[0.00687002],0.0093070905
6096204362837,2.3562441687,[0.00604633],0.000023781
6096204397637,2.38450464,[0.00638891],2.40662149150322E-05
6096204431237,2.3599261383,[0.0070791],2.38181501834871E-05
6096266172837,923.4028560469,[0.01362499],0.0093196764
6096390567637,3.6733676489,[0.0164147],3.7074390134269E-05
6096767321237,921.2665364629,[0.00523485],0.009298115
6096769713437,920.9429251583,[0.00598889],0.0092948489
6096770291437,1.6659922967,[0.00971356],1.68144477418306E-05
6096770383837,2.4114867489,[0.00674568],2.43385386596161E-05
6096914657437,2.516388126,[0.00493724],2.53972822843579E-05
6096915538437,921.1328202823,[0.00450965],0.0092967655
6097002343437,921.0684087866,[0.0121967],0.0092961154
6097002343637,2.0054644437,[0.01245907],2.02406560663031E-05
6097011459037,3.3624657228,[0.00738864],3.39365339750481E-05
6097011461037,2.3307228916,[0.00475234],2.35234090455055E-05
6097011905837,921.1729625536,[0.00679348],0.0092971706
6097011906637,2.8390855052,[0.00815494],2.8654187030493E-05
6097011987837,921.9169286738,[0.00454809],0.0093046793
6097011988037,2.3279647985,[0.00478614],2.34955722942866E-05
6097012376637,2.4829550178,[0.00081169],2.50598502018471E-05
6097012377037,2.9797611501,[0.00608273],0.000030074
6097238477437,920.5286398889,[0.02559242],0.0092906676
6097338830637,2.2062716121,[0.00604143],2.22673530959723E-05
6097338831237,1.5947960482,[0.00948352],1.60958816341421E-05
6097838226437,1.949696278,[0.00980161],1.96778017781949E-05
6098431800037,920.8269440882,[0.01093269],0.0092936783
6098433929037,921.1232506921,[0.01355928],0.0092966689
6098501133637,2.5904313018,[0.01417905],2.61445817243147E-05
6098502811837,921.2050275659,[0.01390713],0.0092974942
6098504734437,920.4948956774,[0.00500715],0.0092903271
6098504800437,921.3273387917,[0.01399067],0.0092987287
6098577052037,2.7967818122,[0.01462061],2.82272263321459E-05
6099407524037,2.4302488688,[0.00268854],2.4527900090244E-05
6099407524637,921.0922493094,[0.00233776],0.009296356
6099407525037,922.0924267096,[0.00329064],0.0093064505
6099407525437,3.8942033438,[0.00561674],3.93032301230662E-05
6099505823837,4.7994360004,[0.02785679],4.8439519184951E-05
6099576111037,923.9166154917,[0.02022666],0.0093248616
6099576111437,4.8434993067,[0.02447448],4.88842392250475E-05
6099576111637,4.0355042211,[0.02081492],4.07293448901713E-05
6099576111837,921.4844973167,[0.01555605],0.0093003149
6099576112037,2.0466416066,[0.01318738],2.06562469752942E-05
6099577763437,926.6432237849,[0.01295337],0.0093523806
6099577763837,923.0433812708,[0.020195],0.0093160483
6099577764037,1.6458130912,[0.0109049],1.66107840168621E-05
6099577764237,2.6465472695,[0.01792293],2.67109462911365E-05
6099577764437,921.3629485605,[0.01415917],0.0092990881
6099577764637,1.8203115863,[0.0128541],0.000018372
6099577764837,921.7587553656,[0.00829286],0.0093030829
6099577765237,923.4307557044,[0.0249273],0.009319958
6100424197437,921.9097501571,[0.01382078],0.0093046068
6100424331437,3.9332509363,[0.01730532],3.96973278056197E-05
6100424483237,922.2593256704,[0.01500462],0.009308135
6100424830637,2.0378903699,[0.00977682],2.05679229108351E-05
6100424862437,1.8529925325,[0.01081948],1.87017948196781E-05
6100424877637,2.1102820775,[0.0129727],2.12985544908644E-05
6100660841037,1.8649051769,[0.0097642],0.000018822
6100660841237,2.1476839488,[0.00784741],0.000021676
6100660841437,4.755919882,[0.00728597],4.80003217769569E-05
6100660842237,922.0497367296,[0.01630129],0.0093060197
6100660843437,922.2803840823,[0.00701565],0.0093083476
6101602100237,2.9555081793,[0.01484402],2.98292122535529E-05
6101602100437,922.3465806834,[0.0176685],0.0093090157
6101812273437,923.2831685935,[0.00381143],0.0093184684
6102555182437,11.2028725481,[0.00179533],0.0001130678
6102564011437,4.9739567798,[0.00639659],5.02009141997676E-05
6102564024637,924.8784593073,[0.00553013],0.0093345693
6102929339437,921.0725284563,[0.00204278],0.009296157
6102929382637,3.7024759116,[0.00272765],3.73681726223112E-05
6102929422437,1.7265088123,[0.00296028],1.7425225949906E-05
2.38427920068907E+016,921.2921777189,[0.01252335],0.0092983738
2.38427920325107E+016,921.4955478032,[0.01531482],0.0093004264
2.38427925901007E+016,921.974027075,[0.01643211],0.0093052556
2.38427926157707E+016,921.8149621054,[0.00947457],0.0093036502
2.38427926168207E+016,922.5199399298,[0.01212596],0.0093107653
2.38427935698607E+016,1.9164996404,[0.01166274],1.93427563342289E-05
2.38427936549707E+016,920.1785941509,[0.00966682],0.0092871347
2.38427936575007E+016,920.4860081627,[0.00941559],0.0092902374
2.38427936636407E+016,2.7351770287,[0.01222807],2.76054645058276E-05
2.38427954347007E+016,921.4848690319,[0.00670057],0.0093003186
2.38427954374107E+016,2.7698412841,[0.01221398],2.79553222520874E-05
2.38427954388207E+016,921.2253394936,[0.00649461],0.0092976993
2.38427954416407E+016,2.915602435,[0.00641269],2.94264534570148E-05
2.38427985728307E+016,924.0908415713,[0.01506162],0.0093266201
2.38428047394907E+016,3.2146772505,[0.00973574],3.24449415178655E-05
2.38428047575807E+016,2.6339009326,[0.00522446],2.65833099442597E-05
2.38428047579407E+016,924.5647849611,[0.01081335],0.0093314034
2.38428047584207E+016,924.1010037464,[0.00478927],0.0093267226
2.38428047592307E+016,924.8728364279,[0.00939457],0.0093345125
2.38428047954407E+016,927.8414873335,[0.02567568],0.0093644744
2.38428048330907E+016,4.5180389802,[0.01495915],4.55994487363523E-05
2.38428048481907E+016,924.7134647476,[0.01420281],0.009332904
2.38428048499307E+016,925.136104021,[0.01035422],0.0093371696
2.38428048520307E+016,924.3181700999,[0.01267427],0.0093289144
2.38428048718007E+016,923.4589469909,[0.0167033],0.0093202425
2.38428048723107E+016,922.8954707286,[0.00849673],0.0093145555
2.38428048726007E+016,4.8102884476,[0.01189414],4.85490502482594E-05
2.38428048730207E+016,5.0937766422,[0.0180246],5.14102264023581E-05
2.38428048732907E+016,925.0135337401,[0.01617576],0.0093359326
2.38428063729107E+016,922.2014152975,[0.00951904],0.0093075505
2.38428063729607E+016,922.0064369588,[0.00605845],0.0093055827
2.38428063800907E+016,4.1407380637,[0.01546671],4.17914440069977E-05
2.38428063815807E+016,3.1718222026,[0.00987783],3.20124161300697E-05
2.38428063824207E+016,921.4384533862,[0.01373927],0.0092998502
2.38428063852807E+016,925.4499251427,[0.0140983],0.0093403369
2.38428064000307E+016,2.6719893639,[0.01718785],2.69677270509911E-05
2.38428064022707E+016,922.1433638644,[0.01781874],0.0093069646
2.38428064030107E+016,3.2686308515,[0.01903617],3.29894818530323E-05
2.38428064161107E+016,921.8903438823,[0.00893971],0.009304411
2.38428064224407E+016,923.1071177575,[0.01204128],0.0093166916
2.38428077478007E+016,921.6942207162,[0.019701],0.0093024316
2.38428077480507E+016,921.4385490924,[0.01202785],0.0092998511
2.38428077484807E+016,921.4079938194,[0.01027749],0.0092995427
2.38428077491307E+016,922.5278435111,[0.01125],0.0093108451
2.38428085134107E+016,2.0119805391,[0.02059154],2.03064214039162E-05
2.38428085154007E+016,921.0107988191,[0.04058785],0.0092955339
2.38428285230807E+016,2.8564107031,[0.0262335],0.000028829
2.38428287296507E+016,923.4229237261,[0.02613876],0.0093198789
2.38428287302007E+016,921.7414411765,[0.01984374],0.0093029081
2.38428287305007E+016,3.9514109872,[0.01723206],3.98806127030009E-05
2.38428287310007E+016,4.0667870037,[0.01521403],4.10450742696036E-05
2.38428287314807E+016,923.1498667405,[0.01877954],0.009317123
2.38428287326207E+016,2.8166486827,[0.01425749],2.84277377369928E-05
2.38428287395107E+016,921.6334082037,[0.01088863],0.0093018178
2.38428287423807E+016,3.4382752936,[0.02081345],3.47016612029456E-05
2.38428287435607E+016,923.3728865907,[0.01729051],0.0093193739
2.38428344226007E+016,921.9546433403,[0.01906438],0.0093050599
2.38428344322507E+016,2.2759609921,[0.0273953],2.29707107531372E-05
2.38428344329007E+016,922.2713477864,[0.0200524],0.0093082564
2.38428344367007E+016,922.1359207698,[0.01407625],0.0093068895
2.38428344420407E+016,2.1209623264,[0.0096077],2.14063475987883E-05
2.38428392916707E+016,5.6699266597,[0.01711491],5.72251658716639E-05
2.38428435280507E+016,922.2257899416,[0.01389317],0.0093077965
2.38428435300307E+016,921.1285431211,[0.01091218],0.0092967223
2.38428435303707E+016,921.3770811661,[0.01188007],0.0092992307
2.38428435338307E+016,921.8184674632,[0.01501505],0.0093036855
2.38428435354707E+016,2.2759692756,[0.01108187],2.29707943561376E-05
2.38428442503307E+016,7.30999678,[0.03135402],0.000073778
2.38428442503407E+016,3.4905401702,[0.02053438],3.522915766108E-05
2.38428442503507E+016,6.5339030592,[0.02486691],6.59450657465914E-05
2.38428442503707E+016,922.0538207265,[0.01726269],0.0093060609
2.38428442503807E+016,4.133120426,[0.01877239],4.17145610766853E-05
2.38428469881307E+016,2.9884226657,[0.01522097],3.0161410015336E-05
2.38428607461906E+016,2.7472566994,[0.00758714],2.77273816312214E-05
2.38428620978807E+016,921.0806953129,[0.01129928],0.0092962394
2.38428620992007E+016,1.7718783174,[0.01251766],1.7883129131089E-05
2.38428620999907E+016,921.1357412279,[0.01258023],0.009296795
2.38428621004107E+016,2.3668973153,[0.01345143],2.38885085469112E-05
2.38428621012407E+016,2.3423250691,[0.01505234],2.36405069496455E-05
2.38428726262706E+016,2.0657910658,[0.00684012],2.08495177257357E-05
2.38428753010506E+016,920.9401451741,[0.0072535],0.0092948209
2.38428802668806E+016,922.5027099596,[0.01263808],0.0093105914
2.38428802668906E+016,3.1997473978,[0.01224738],3.22942582108082E-05
2.38428802669006E+016,3.3534916384,[0.01325937],0.000033846
2.38428802669106E+016,921.9429253081,[0.01124694],0.0093049417
2.38428802669206E+016,3.4002110295,[0.01101698],3.43174880093303E-05
2.384288528724E+016,921.4628477436,[0.0126565],0.0093000964
2.384288537392E+016,2.6334754582,[0.01016682],0.000026579
2.384288538313E+016,2.3607631255,[0.01197942],2.38265976874553E-05
2.384288538419E+016,2.8411772488,[0.01195984],2.86752984809275E-05
2.384288539605E+016,1.8202190362,[0.01239744],0.000018371
2.38428886621506E+016,922.7486184226,[0.01117158],0.0093130733
2.38428886628406E+016,3.7405933884,[0.01075044],3.77528828780357E-05
2.38428886628506E+016,4.0946599838,[0.01109726],4.13263893561334E-05
2.38428886628606E+016,3.6681789705,[0.01098319],0.000037022
2.38428886628706E+016,923.2411190556,[0.01094329],0.009318044
2.38429017615507E+016,9.13776723,[0.0175772],9.22252220906841E-05
2.38429017615607E+016,927.3961190736,[0.01740295],0.0093599794
2.384290486795E+016,923.3151423598,[0.01912734],0.0093187911
2.384290486978E+016,921.2199978033,[0.01148241],0.0092976453
2.384290487069E+016,921.195029456,[0.01115991],0.0092973933
2.38429048725E+016,921.569362705,[0.01146102],0.0093011714
2.384290487421E+016,921.2044320021,[0.01362157],0.0092974882
2.38429744320606E+016,921.4303144605,[0.00883154],0.009299768
2.38429744320806E+016,3.8255812924,[0.01256818],3.86106447496574E-05
2.38429744320906E+016,4.1747745745,[0.01408277],0.000042135
2.38429744321006E+016,2.0855543336,[0.00509972],0.000021049
2.38429744321606E+016,921.9081544854,[0.0092808],0.0093045907
2.38429744321706E+016,921.6891990692,[0.00923655],0.0093023809
2.38430018487206E+016,1.5714887703,[0.00505519],1.58606470492457E-05
2.38430019518606E+016,920.456555364,[0.00403063],0.0092899401
2.38430019695606E+016,1.8674295688,[0.00548888],1.88475042523768E-05
